D0 (0-10% centr., Lint=10nb-1): pt, width x, RAA, err stat, err syst low, err syst high 
 
 
0.500000, 1.000000, 0.800000, 0.007920, 0.101075 , 0.076159 
1.500000, 1.000000, 0.650000, 0.000780, 0.071093 , 0.046250 
2.500000, 1.000000, 0.514950, 0.000521, 0.033148 , 0.033148 
3.500000, 1.000000, 0.371069, 0.000472, 0.022728 , 0.022728 
4.500000, 1.000000, 0.330109, 0.000256, 0.019534 , 0.019534 
5.500000, 1.000000, 0.271764, 0.000229, 0.016082 , 0.016082 
7.000000, 2.000000, 0.283102, 0.000204, 0.015879 , 0.015879 
10.000000, 4.000000, 0.256087, 0.000192, 0.014364 , 0.014364 
14.000000, 4.000000, 0.349423, 0.000347, 0.019599 , 0.019599 
20.000000, 8.000000, 0.370000, 0.000742, 0.022832 , 0.022832 
28.000000, 8.000000, 0.400000, 0.001366, 0.029103 , 0.029103 

 
 
================
 
 
Ds (0-10% centr., Lint=10nb-1): pt, width x, RAA, err stat, err syst low, err syst high 
 
 
2.500000, 1.000000, 1.689888, 0.042537, 0.108780 , 0.108780 
3.500000, 1.000000, 1.297430, 0.020879, 0.079469 , 0.079469 
4.500000, 1.000000, 0.798130, 0.015613, 0.047229 , 0.047229 
5.500000, 1.000000, 0.524900, 0.013592, 0.031061 , 0.031061 
6.500000, 1.000000, 0.428530, 0.011237, 0.024036 , 0.024036 
7.500000, 1.000000, 0.401180, 0.007390, 0.022502 , 0.022502 
9.000000, 2.000000, 0.407300, 0.001837, 0.022846 , 0.022846 
11.000000, 2.000000, 0.435935, 0.003280, 0.024452 , 0.024452 
14.000000, 4.000000, 0.495728, 0.002712, 0.027805 , 0.027805 
18.000000, 4.000000, 0.511492, 0.004725, 0.031564 , 0.031564 
22.000000, 4.000000, 0.530145, 0.008700, 0.032715 , 0.032715 

 
 
================
 
 
Lc (0-20% centr., Lint=10nb-1): pt, width x, Lc/D0, err stat, err syst 
 
 
3.000000, 2.000000, 1.200000, 0.158114, 0.278700 
4.500000, 1.000000, 0.700000, 0.034587, 0.162575 
5.500000, 1.000000, 0.350000, 0.019764, 0.081287 
7.000000, 2.000000, 0.100000, 0.004392, 0.023225 
9.000000, 2.000000, 0.100000, 0.003294, 0.023225 
15.000000, 10.000000, 0.100000, 0.001647, 0.023225 

 
 
================
 
 
D0 (30-50% centr., Lint=10nb-1): pt, width x, v2, err stat, err syst 
 
 
0.250000, 0.500000, 0.025000, 0.011564, 0.020156 
0.750000, 0.500000, 0.100000, 0.005100, 0.022361 
1.250000, 0.500000, 0.150000, 0.000841, 0.025000 
1.750000, 0.500000, 0.180000, 0.000751, 0.026907 
2.250000, 0.500000, 0.210001, 0.000537, 0.009059 
2.750000, 0.500000, 0.215000, 0.000506, 0.009026 
3.250000, 0.500000, 0.205000, 0.000470, 0.007736 
3.750000, 0.500000, 0.190000, 0.000440, 0.007816 
4.250000, 0.500000, 0.175000, 0.000430, 0.007062 
4.750000, 0.500000, 0.155000, 0.000420, 0.007141 
5.250000, 0.500000, 0.148000, 0.000464, 0.007167 
5.750000, 0.500000, 0.130000, 0.000466, 0.007227 
6.250000, 0.500000, 0.126000, 0.000571, 0.006190 
6.750000, 0.500000, 0.125000, 0.000601, 0.006192 
7.250000, 0.500000, 0.110000, 0.000636, 0.006228 
7.750000, 0.500000, 0.110000, 0.000674, 0.006228 
8.250000, 0.500000, 0.105000, 0.000764, 0.006240 
8.750000, 0.500000, 0.100000, 0.000805, 0.006250 
9.250000, 0.500000, 0.100000, 0.000850, 0.006250 
9.750000, 0.500000, 0.085000, 0.000902, 0.006279 
10.250000, 0.500000, 0.075000, 0.000960, 0.006295 
10.750000, 0.500000, 0.075000, 0.001024, 0.006295 
11.250000, 0.500000, 0.070000, 0.001098, 0.006303 
11.750000, 0.500000, 0.070000, 0.001152, 0.006303 
12.250000, 0.500000, 0.070000, 0.001098, 0.005808 
12.750000, 0.500000, 0.070000, 0.001152, 0.005808 
13.250000, 0.500000, 0.070000, 0.001213, 0.005808 
13.750000, 0.500000, 0.070000, 0.001280, 0.005808 
14.250000, 0.500000, 0.070000, 0.001356, 0.005808 
14.750000, 0.500000, 0.070000, 0.001440, 0.005808 
15.250000, 0.500000, 0.070000, 0.001537, 0.005808 

 
 
================
 
 
Ds (30-50% centr., Lint=10nb-1): pt, width x, v2, err stat, err syst 
 
 
2.500000, 1.000000, 0.140000, 0.015029, 0.009447 
3.500000, 1.000000, 0.154000, 0.009321, 0.007983 
4.500000, 1.000000, 0.140000, 0.011680, 0.007194 
5.500000, 1.000000, 0.133000, 0.015693, 0.007217 
6.500000, 1.000000, 0.126000, 0.016128, 0.006190 
7.500000, 1.000000, 0.119000, 0.011497, 0.006207 
9.000000, 2.000000, 0.105000, 0.002897, 0.006240 
11.000000, 2.000000, 0.091000, 0.004971, 0.006268 
14.000000, 4.000000, 0.070000, 0.003766, 0.005808 
18.000000, 4.000000, 0.056000, 0.006534, 0.005824 
22.000000, 4.000000, 0.056000, 0.011607, 0.005824 

 
 
================
 
 
Lambdac (10-40% centr., Lint=10nb-1): pt, width x, v2, err stat, err syst 
 
 
4.367510, 3.000000, 0.156789, 0.030476, 0.037193 
7.927880, 4.000000, 0.112130, 0.032990, 0.030049 
13.014100, 6.000000, 0.079476, 0.019122, 0.025547 

 
 
================
 
 
