B->D0 (0-10% centr., Lint=10nb-1): pt, width x, RAA (BAMPS), err stat, err syst 
 
 
0.500000, 1.000000, -1.000000, 0.000000, 0.000000 
1.500000, 1.000000, -1.000000, 0.000000, 0.000000 
2.500000, 1.000000, 1.200000, 0.008672, 0.238349 
3.500000, 1.000000, 0.800000, 0.005033, 0.126115 
4.500000, 1.000000, 0.500000, 0.001196, 0.065249 
5.500000, 1.000000, 0.400000, 0.001041, 0.051823 
7.000000, 2.000000, 0.330000, 0.000632, 0.030655 
10.000000, 4.000000, 0.300000, 0.000440, 0.027104 
14.000000, 4.000000, 0.300000, 0.002002, 0.021134 
20.000000, 8.000000, 0.320000, 0.002207, 0.023999 
28.000000, 8.000000, 0.380000, 0.004014, 0.032043 

 
 
================
 
 
B->JPsi->e+e- (mid) (0-10% centr., Lint=10nb-1): pt, width x, RAA (TAMU), err stat, err syst 
 
 
1.422220, 1.000000, 1.209070, 0.054108 0.242388
2.497480, 1.000000, 1.252460, 0.057090 0.188299
3.500000, 1.000000, 1.200000, 0.049144 0.163278
4.500000, 1.000000, 1.150000, 0.046182 0.164805
5.500000, 1.000000, 1.000000, 0.040113 0.157946
6.500000, 1.000000, 0.850000, 0.040561 0.133495
7.500000, 1.000000, 0.700000, 0.039602 0.106717
8.500000, 1.000000, 0.600000, 0.041594 0.088201
9.500000, 1.000000, 0.500000, 0.046262 0.072283

 
 
================
 
 
B->JPsi->mu+mu- (fwd) (0-10% centr., Lint=10nb-1): pt, width x, RAA (BAMPS), err stat, err syst 
 
 
0.500000, 1.000000, 1.650000, 0.024750 0.242388
1.500000, 1.000000, 1.450000, 0.013050 0.188299
2.500000, 1.000000, 1.200000, 0.009600 0.163278

 
 
================
 
 
B->D0pi (0-10% centr., Lint=10nb-1): pt, width x, RAA (TAMU), err stat, err syst 
 
 
1.500000, 1.000000, 1.060000, 0.200000, 0.187832 
2.500000, 1.000000, 1.100000, 0.100000, 0.194920 
3.500000, 1.000000, 1.047000, 0.071000, 0.185529 
4.500000, 1.000000, 0.920000, 0.050000, 0.163024 
5.500000, 1.000000, 0.780000, 0.040000, 0.138216 
7.000000, 2.000000, 0.620000, 0.030000, 0.109864 
10.000000, 4.000000, 0.488000, 0.012000, 0.086474 
14.000000, 4.000000, 0.440000, 0.020000, 0.077968 
18.000000, 4.000000, 0.456000, 0.020000, 0.080803 
22.000000, 4.000000, 0.480000, 0.030000, 0.085056 
32.000000, 16.000000, 0.495000, 0.025000, 0.087714 

 
 
================
 
 
B->D0 (30-50% centr., Lint=10nb-1): pt, width x, v2 (BAMPS), err stat, err syst 
 
 
0.250000, 0.250000, -0.500000, 0.008923, 0.000000 
0.750000, 0.250000, -0.500000, 0.003966, 0.000000 
0.884734, 0.250000, 0.480554, 0.052358, 0.000000 
1.598230, 0.250000, 0.488211, 0.045805, 0.000000 
2.250000, 0.250000, 0.024000, 0.003963, 0.025000 
2.750000, 0.250000, 0.034000, 0.002986, 0.025000 
3.250000, 0.250000, 0.054000, 0.003068, 0.025000 
3.750000, 0.250000, 0.066000, 0.002735, 0.025000 
4.250000, 0.250000, 0.070000, 0.001128, 0.020000 
4.750000, 0.250000, 0.072500, 0.001153, 0.020000 
5.250000, 0.250000, 0.073000, 0.001229, 0.020000 
5.750000, 0.250000, 0.074000, 0.001229, 0.020000 
6.250000, 0.250000, 0.071500, 0.001131, 0.020000 
6.750000, 0.250000, 0.069000, 0.001260, 0.020000 
7.250000, 0.250000, 0.067000, 0.001391, 0.020000 
7.750000, 0.250000, 0.065000, 0.001466, 0.020000 
8.250000, 0.250000, 0.063000, 0.001242, 0.020000 
8.750000, 0.250000, 0.061000, 0.001319, 0.020000 
9.250000, 0.250000, 0.059000, 0.001424, 0.020000 
9.750000, 0.250000, 0.057000, 0.001507, 0.020000 
10.250000, 0.250000, 0.055000, 0.001593, 0.020000 
10.750000, 0.250000, 0.053000, 0.001684, 0.020000 
11.250000, 0.250000, 0.051000, 0.001781, 0.020000 
11.750000, 0.250000, 0.049000, 0.001867, 0.020000 
12.250000, 0.250000, 0.047000, 0.004065, 0.015000 
12.750000, 0.250000, 0.045000, 0.004710, 0.015000 
13.242500, 0.250000, 0.043130, 0.005360, 0.015000 
13.750000, 0.250000, 0.041000, 0.006013, 0.015000 
14.250000, 0.250000, 0.039000, 0.006669, 0.015000 
14.750000, 0.250000, 0.038000, 0.007326, 0.015000 
15.250000, 0.250000, 0.037000, 0.007987, 0.015000 
15.750000, 0.250000, 0.036000, 0.008639, 0.015000 

 
 
================
 
 
B->J/Psi->e+e- (10-40% centr., Lint=10nb-1): pt, width x, v2 (TAMU), err stat, err syst 
 
 
1.500000, 1.000000, 0.013688, 0.029737 
2.483800, 1.000000, 0.041192, 0.029526 
3.468600, 1.000000, 0.064549, 0.018590 
4.500000, 1.000000, 0.069582, 0.020040 
5.500000, 1.000000, 0.070152, 0.023406 
6.500000, 1.000000, 0.064449, 0.031562 
7.500000, 1.000000, 0.061597, 0.039767 
8.990040, 2.000000, 0.056216, 0.042339 

 
 
================
 
 
B->D0pi (20-40% centr., Lint=10nb-1): pt, width x, v2 (TAMU), err stat, err syst 
 
 
1.500000, 1.000000, 0.014600, 0.032400, 0.020000 
2.500000, 1.000000, 0.032600, 0.023400, 0.020000 
3.500000, 1.000000, 0.054000, 0.022000, 0.020000 
4.500000, 1.000000, 0.067000, 0.020000, 0.020000 
5.500000, 1.000000, 0.068000, 0.025000, 0.020000 
7.000000, 2.000000, 0.064000, 0.021000, 0.020000 
10.000000, 4.000000, 0.047000, 0.016000, 0.020000 
14.000000, 4.000000, 0.031000, 0.019000, 0.020000 
18.000000, 4.000000, 0.022000, 0.027000, 0.020000 
22.000000, 4.000000, 0.000000, 0.038000, 0.020000 
32.000000, 16.000000, 0.000000, 0.031000, 0.020000 

 
 
================
 
 
